.Random.seed <-
c(10403L, 112L, -308107885L, 1333395010L, 1784103412L, -687793161L, 
-1405804563L, 850995332L, 901828266L, 1823958037L, 1853125807L, 
1760885430L, -288343840L, 2039956515L, 1875082049L, 1646028336L, 
1008481358L, -273654599L, -714991413L, -1184799366L, -956475268L, 
452635839L, 1115875733L, 365978028L, -1240394878L, 2017352029L, 
2105038935L, 1903890238L, 2081568632L, -1738974117L, -1375073351L, 
1945729544L, 1534714038L, -1975052303L, -1701592541L, 33581682L, 
-483528508L, 67409543L, -1931997603L, -2129104812L, 1135678074L, 
1460218309L, -509224161L, 1807275686L, -1853077456L, 892345043L, 
-55217935L, -1083802592L, 1842932414L, 684744393L, 706493563L, 
-279375286L, -1181210964L, -397925969L, -2013083291L, 1580357404L, 
1958796146L, -1446348819L, 1231616039L, 1604321358L, -1169759064L, 
1658292907L, -714817591L, -554593320L, 1070051974L, -1769413791L, 
2106550003L, 178329954L, 755410900L, -393801001L, 856275149L, 
-1129099164L, 1203125834L, -1813468235L, -1188407537L, 1595810838L, 
1035914944L, 619174019L, -1088146271L, 473242256L, -616003218L, 
951969561L, -1333748821L, 2098342298L, 1489939804L, -921467809L, 
-57885643L, -573954100L, -1407618270L, -16077443L, 1507475063L, 
2091968414L, -976484776L, 1260924859L, 2004713817L, 442612456L, 
-413416682L, 1554531473L, -901539517L, 215921746L, 532252388L, 
-1410318041L, -1168232067L, -908281740L, 131365466L, -382953819L, 
1533068479L, 2145785670L, -1782393392L, 511084531L, 707673873L, 
514113344L, 1709213470L, 1417918441L, 1832656155L, -512903382L, 
1195427916L, -1549746161L, 1083738949L, 837197052L, 953002834L, 
-1832391475L, -724972409L, -318433426L, 1139599688L, 1923829067L, 
-375156567L, 1819726328L, -588898010L, 2028487233L, 672820179L, 
-1959847550L, -1779454540L, 869792055L, -871830483L, 691624260L, 
1658949226L, -709564203L, -166721937L, 814470006L, 137168032L, 
1547672931L, 1718889985L, -782897808L, -832803570L, -1636814983L, 
-327266549L, -1033859014L, 1573789500L, 1391533183L, -1102172203L, 
-2068807188L, 1144501058L, 986389661L, 817014039L, 761879678L, 
-1422773192L, 1945326363L, -28616583L, -765263672L, 2102561014L, 
43276593L, -1059786397L, -1742085326L, -1560843132L, 294623431L, 
-168737891L, 1851713300L, 1571528122L, 1996143621L, 1226543583L, 
1214059622L, 181842928L, 771591443L, -1119571279L, -1742742176L, 
1687802622L, -115945847L, -1100285509L, -1383210102L, -584398228L, 
1529283567L, -187978715L, 315667676L, 597068466L, -1457295955L, 
-799018649L, 828935822L, -903145624L, 383668075L, -1111942903L, 
2064027544L, -350701882L, 1191773217L, 2082853043L, -1201173982L, 
330468372L, 128082071L, 1378407053L, -643054684L, -821772918L, 
-1675777547L, -94534577L, -214146218L, 1406130688L, 1050506051L, 
-9350431L, 1751105616L, -673079122L, 158061657L, -927112085L, 
-261608998L, -1559104868L, -1127084897L, -1809154315L, 1005699980L, 
1805701730L, 1440900669L, -1632515913L, 1460778846L, 474839704L, 
711191035L, 216929177L, 1474980904L, 1511824598L, 963037521L, 
-810620925L, 537423762L, -17810140L, -1579926606L, -1990982672L, 
158093764L, 138923352L, -2108087942L, -1044164176L, 702081468L, 
-707346860L, 386308546L, -1249909984L, -662637636L, -2063765424L, 
1200552930L, -852517016L, 94467916L, 1833905916L, -377407758L, 
420756736L, -1850446732L, -1833366008L, 2046256570L, -1380551216L, 
-1098336276L, -169432172L, 1028573394L, -1442921376L, 352374092L, 
340464416L, -348874110L, -616267288L, 356981740L, 96697916L, 
-1804499342L, -1208939664L, -423674588L, -1511056840L, -1733250662L, 
1903521232L, 2116412860L, -1767575916L, -91970942L, -735560256L, 
-772860100L, -699788656L, -1519438046L, 925562376L, 1749132044L, 
-1075256420L, 816405522L, 266152832L, -1207076076L, 156693800L, 
-111308742L, -42368048L, 1289714284L, 1566723124L, 852349074L, 
-1984988832L, -2111201972L, -276425248L, -1760650334L, 817544104L, 
928390284L, 2131276732L, 1299276914L, -1214240784L, 187221060L, 
541829208L, 198926394L, 728279152L, 1696144956L, 1102636820L, 
-1363588414L, -251014432L, 2105148540L, -613249840L, -1431071838L, 
-506245592L, -2113593076L, -55867460L, -2109918926L, -901842752L, 
894825012L, 414227144L, -351272262L, 402803856L, -1056864532L, 
826562132L, 1489430162L, -776337632L, -778250292L, -489633568L, 
1259458242L, -1324837848L, -871793748L, -1728468292L, -1558822414L, 
-1683585488L, 1455445924L, 630464952L, -1566000294L, 1547932816L, 
591846268L, 748412692L, 1706237250L, -849686784L, -995894340L, 
-509722800L, 545235234L, -2126820792L, 1583798284L, -787805092L, 
867439058L, 1342469632L, 1032319316L, 1378779368L, 2128687354L, 
-1725094192L, 1937508652L, 254990580L, -144675438L, 957655392L, 
1380968460L, -1937798432L, -55410078L, -99272024L, -1261946292L, 
-1101355140L, 1550822706L, 1449985648L, -1139885244L, -460929064L, 
-1810415750L, -222343632L, 1351284668L, 61486676L, -788551614L, 
-1368350560L, 168373948L, -234747440L, 1788871522L, 1908671208L, 
-961347380L, 2037850620L, -1847670286L, 473406080L, 592115188L, 
-253917560L, -1576239302L, 1302184784L, 1243747436L, -339633772L, 
1290085458L, -259397152L, -1872741172L, -555586400L, -361810558L, 
1675059432L, 1000169196L, -1006949060L, -734184334L, 714424432L, 
-718841820L, -243176392L, -898894054L, -910017328L, 214841148L, 
-1385539692L, 1659440002L, -869469760L, 304918076L, -1519647344L, 
-357571038L, 1850105096L, 1353516684L, 1905760028L, -872816494L, 
213805440L, -1721057772L, -472846552L, -108408262L, -1222797872L, 
1743227244L, 1069253556L, -1167226862L, -60092960L, -664600628L, 
-1049272096L, -1697941470L, -457195224L, -1879351796L, -669245636L, 
1863859186L, 430410480L, 1241622084L, -1992023464L, 748420922L, 
1009227248L, -743862596L, 815061268L, -1783293246L, 567659616L, 
1107374972L, -1986164784L, -216907486L, -162674008L, -773639284L, 
-724965188L, -1185503438L, 1601137216L, -1368120140L, 424557128L, 
-2014560838L, -2004575728L, 2135911148L, -1542903468L, -856211182L, 
-821584480L, 1362877132L, -585236896L, 774438850L, -1857798360L, 
1812647852L, -1510575300L, -1303328398L, -727426256L, -1794783964L, 
290657133L, -1545519849L, -1235683104L, 220847806L, 1600064651L, 
-1692472563L, -266896582L, -1957153928L, -1938792159L, -998733357L, 
265926900L, -637937278L, -1112806377L, -1457972511L, -716168154L, 
2083397924L, 1490428373L, 1091411327L, 848700440L, -1459303626L, 
-540619325L, -1305885691L, 121520034L, -333276272L, -1396121799L, 
-703542293L, -603980580L, 274203914L, 598658047L, -218960311L, 
-701744162L, 1153950604L, 656212829L, -1994529945L, 1814136976L, 
-147106130L, 700642139L, 1806205757L, -789968470L, -1316886968L, 
1635473009L, -1500747805L, 146100964L, -72545774L, 1789443559L, 
1960159665L, -1168367626L, -1032404460L, -1451414235L, 659930671L, 
464325608L, 1112661190L, 2073987443L, -1104121387L, -1068382798L, 
125623168L, -467468439L, -685984805L, 1524562732L, -2130696902L, 
214703087L, 1078488697L, -209749746L, 1581492444L, -2137972915L, 
-351924553L, -1739662272L, 37778718L, -1445892117L, 144544621L, 
-965975590L, 147241880L, 1457439233L, -720620621L, -502590764L, 
-668511262L, 351299191L, -1358880831L, 1165032774L, -920482684L, 
78795317L, -1285432801L, -2071036552L, 1917287510L, 399442147L, 
743638693L, 135998274L, 372605232L, -1263281831L, -1788994869L, 
1452245820L, -909415574L, -1646229089L, -986202071L, 1962580670L, 
-741549140L, 461875453L, -1869904825L, -244653264L, 64283726L, 
1245841531L, 745278429L, -1698164214L, 891115304L, -1319532143L, 
-257765501L, 1703502980L, -597507406L, -2094344697L, -922741167L, 
-266244650L, -2088320844L, -1319076667L, 887963151L, -1962330488L, 
1268087718L, -2056211629L, -152265547L, -1534404078L, 530266080L, 
103066185L, 660578427L, -773787316L, -1996430118L, 1751385295L, 
-1607282535L, 1322028206L, -1921697348L, -1013530067L, 1637905879L, 
923409440L, -870727298L, 743133003L, -853125811L, -956359814L, 
1652800952L, 1069227873L, -248113389L, -1985368268L, -1500873406L, 
-1603636905L, 1208122529L, 152986982L, 1567573860L, 1132570261L, 
